# Haddock
 1979 2014 1979 2014 1 5 14 2 0
#Landaður afli
149 1908 3762 6057 9022 1743 438 56 0 56 56 0 0
595 1385 11481 4298 3798 3732 544 91 32 0 5 0 0
10 514 4911 16900 5999 2825 1803 168 43 0 14 0 0
107 245 3149 10851 14049 2068 1000 725 169 26 5 0 1
34 1010 1589 4596 9850 8839 766 207 263 17 0 0 0
241 1069 4946 1341 4772 3742 4076 238 58 19 3 0 0
1320 1728 4562 6796 855 1682 1914 1903 212 31 49 4 0
1012 4223 4068 4686 5139 494 796 897 344 27 29 0 0
1939 8308 6965 2728 2042 1094 132 165 220 89 14 6 10
237 9831 15164 5824 1304 1084 609 66 89 96 24 2 2
188 2474 22560 9571 3196 513 556 144 34 40 36 14 17
1857 2415 8628 23611 6331 816 150 67 45 13 7 2 7
8617 2145 5397 7342 14103 2648 338 40 10 5 0 12 0
5405 10693 5721 4610 3691 5209 999 120 10 4 2 0 0
769 12333 12815 2968 1722 1425 2239 343 19 1 1 17 0
3198 3343 28258 10682 1469 726 358 647 93 11 1 3 0
4015 7323 5744 23927 5769 615 290 187 268 52 3 8 0
3090 10552 7639 4468 12896 2346 208 79 60 51 14 0 0
1364 3939 10915 4895 2610 5035 719 64 12 16 40 1 0
279 8257 5667 7856 2418 1422 1897 261 17 16 4 3 5
1434 1550 17243 4516 4837 915 620 481 63 0 0 1 0
2659 6317 2352 13615 1945 1706 324 222 176 12 2 0 2
2515 11098 6954 1446 6262 675 478 105 42 52 0 0 0
1082 10434 15998 5099 1131 3149 262 169 42 33 19 6 0
401 6352 16265 12548 2968 748 1236 91 48 11 6 5 0
1597 4063 17652 19358 8871 1940 471 489 92 36 15 0 12
2405 9450 6929 25421 13778 4584 809 251 212 3 19 3 0
241 10038 21246 6646 18840 7600 2180 323 93 109 0 0 0
782 3884 42224 22239 3354 9952 2740 519 62 30 33 24 32
2316 4508 9706 53022 11014 1717 3033 815 167 20 5 0 0
1066 3185 4886 8892 35011 5733 726 1381 395 97 17 0 0
121 6032 7061 4806 6766 17503 1874  354 412 97 19 0 0
253 1584 11797 5080 2853 3983 6220  494  112 58 13 0 0
196 1322 3421 13107 2223 1231 2480 2662 241 49 56 19 5
250 1042 2865 4008 9222 1206  668 1248 1367 149 54 17 12
238 1478 1751 2725 2737 4742  447  387  586  652   90   27   48

# Weights in catch 1979 to 2004 4000 where no data are found
#    2    3    4    5    6    7    8    9   10   11   12   13   14
 620  960 1410 2030 2910 3800 4560 4720 4000 5741 6171 4000 5213
 837  831 1306 2207 2738 3188 3843 4506 4615 4000 7337 4000 4000
 584  693 1081 1656 2283 3214 3409 4046 4898 4000 6376 4000 4000
 289  959 1455 1674 2351 3031 3481 3874 3952 4958 5323 4000 5213
 320 1006 1496 1921 2371 2873 3678 4265 4463 5101 4000 4000 4000
 691 1007 1544 2120 2514 3027 2940 3906 3941 4138 5155 4000 4000
 652 1125 1811 2260 2924 3547 3733 4039 4564 4930 4852 5209 4000
 336 1227 1780 2431 2771 3689 3820 4258 4436 3863 5241 4000 4000
 452 1064 1692 2408 3000 3565 4215 4502 3653 4877 3814 5279 4163
 362  780 1474 2217 2931 3529 3781 4467 4169 4560 4631 5293 5293
 323  857 1185 1996 2893 4066 3866 4734 5039 5015 4975 5338 4575
 269  700 1054 1562 2364 3414 4134 4946 4115 4682 5220 5183 5204
 288  699  979 1412 1887 2674 3135 4341 5243 3427 4000 5356 4000
 313  806 1167 1524 1950 2357 3075 4053 4674 4503 5250 4000 4000
 303  705 1333 1875 2386 2996 3059 3363 4047 5294 5294 4709 4000
 337  668 1019 1717 2391 2717 3280 3156 3154 3897 5258 4190 4000
 351  746 1096 1318 2044 2893 3049 3675 3119 3220 1640 3753 4000
 311  787 1187 1560 1849 2670 3510 3567 3686 3846 3508 4000 4000
 379  764 1163 1649 1943 2342 3020 3337 3508 4028 2815 4133 4000
 445  724 1147 1683 2250 2475 2834 3333 3275 3701 3630 3806 4202
 555  908 1101 1658 2216 2659 2928 3209 3534 4000 4000 2159 4000
 495  978 1333 1481 2119 2696 3307 3597 3734 4142 5574 4000 1648
 541  945 1456 1731 1832 2243 3020 3328 4715 3849 4000 4000 4000
 564  928 1253 1737 2219 2230 2911 3365 4078 4551 4479 5358 4000
 498  922 1283 1704 2274 2744 2635 2819 3289 4157 5295 5313 4000
 559 1006 1258 1579 2044 2809 3123 2945 3957 3146 2827 4000 5249
 339  886 1265 1506 1916 2323 3028 3211 2755 4053 4019 4158 4000
 402  749 1093 1495 1758 2163 2555 3054 3617 3566 4000 4000 4000
 510  748  988 1346 1840 2062 2350 2525 2408 3360 2303 3338 5082
 383  636  857 1125 1575 2149 2417 2802 2568 2840 2727 4000 4000
 452  841  960 1131 1352 1757 2364 2497 3070 3016 3488 4000 4000
 447  756 1092 1294 1448 1685 2188 2366 2657 2639 2439 4000 4000
 588  905 1122 1455 1688 1914 2094 2455 2919 2953 3706 4000 4000
 668  978 1222 1492 1903 2164 2366 2704 2765 3431 2924 3367 5117
 678 1084 1358 1675 2036 2400 2554 3097 3111 2838 3634 2264 3523
 536 1080 1433 1793 2121 2504 2624 3178 3272 3445 3254 2829 3467

# Prognosis
 559 1018 1491 1989 2223 2621 2852 3124 3126 3392 3248 3661 3483
 447 1013 1533 1994 2434 2628 2945 3122 3324 3326 3519 3415 3710
 443  868 1527 2033 2438 2798 2950 3192 3323 3470 3472 3610 3536
 452  863 1372 2027 2471 2801 3081 3196 3374 3469 3575 3576 3674

# SSB  weights.  ( from survey)
 185 481  910 1409 1968 2496 3077 3300 4000 5741 6171 4000 5213
 185 481  910 1409 1968 2496 3077 3300 4615 4000 7337 4000 4000
 185 481  910 1409 1968 2496 3077 3300 4898 4000 6376 4000 4000
 185 481  910 1409 1968 2496 3077 3300 3952 4958 5323 4000 5213
 185 481  910 1409 1968 2496 3077 3300 4463 5101 4000 4000 4000
 185 481  910 1409 1968 2496 3077 3300 3941 4138 5155 4000 4000
 244 568 1187 1673 2371 2766 3197 3331 4564 4930 4852 5209 4000
 239 671 1134 1943 2399 3190 3293 3728 4436 3863 5241 4000 4000
 162 550 1216 1825 2605 3030 3642 3837 3653 4877 3814 5279 4163
 176 457  974 1830 2695 3102 3481 3318 4169 4560 4631 5293 5293
 182 441  887 1510 2380 3009 3499 3195 5039 5015 4975 5338 4575
 184 457  840 1234 1965 2675 3052 3267 4115 4682 5220 5183 5204
 176 501 1003 1406 1884 2496 3755 3653 5243 3427 4000 5356 4000
 157 503  894 1365 1891 2325 2936 3682 4674 4503 5250 4000 4000
 168 384  878 1492 1785 2562 2573 3266 4047 5294 5294 4709 4000
 181 392  680 1235 1766 1717 2977 2131 3154 3897 5258 4190 4000
 167 440  755 1065 1857 2689 5377 1306 3119 3220 1640 3753 4000
 174 453  813 1076 1477 2171 2426 4847 3686 3846 3508 4000 4000
 174 424  817 1221 1425 1915 2390 3692 3508 4028 2815 4133 4000
 203 415  753 1241 1747 1996 2342 3076 3275 3701 3630 3806 4202
 206 480  715 1189 1956 2366 2782 2922 3534 4000 4000 2159 4000
 179 552  889 1159 1767 2612 2917 3132 3734 4142 5574 4000 1648
 190 490 1056 1437 1509 2169 2765 3300 4715 3849 4000 4000 4000
 172 475  889 1460 1949 2137 1990 3709 4078 4551 4479 5358 4000
 230 412  801 1268 1873 3139 2343 3301 3289 4157 5295 5313 4000
 176 556  807 1282 1690 2454 3236 2942 3957 3146 2827 4000 5249
 153 448  920 1188 1564 2128 2808 2550 2755 4053 4019 4158 4000
 127 333  736 1145 1512 1944 2232 3272 3617 3566 4000 4000 4000
 170 350  615 1053 1514 1786 2073 2198 2408 3360 2303 3338 5082
 179 382  595  868 1295 1828 2201 2340 2568 2840 2727 4000 4000
 139 442  687  882 1141 1495 1920 2574 3070 3016 3488 4000 4000
 150 392  773  942 1190 1468 1829 2086 2730 3016 3488 4000 4000
 175 442  757 1129 1304 1583 1865 2107 3094 2398 4146 4000 4000
 202 482 801 1145 1480 1909 2072 2353 2350 2207 3211 3054  4000
 201 589  967 1312 1710 1999 2265 2764 2709 2529 2885 1788 3352
 222 570 1005 1372 1751 2141 2298 2653 3104 3153 3162 3054 3582
 255 614 1073 1637 1926 2452 2774 3170 3173 3577 3356 3500 3718
#Forecast
 184 609 1117 1643 2200 2461 2908 3167 3472 3475 3775 3612 4078
 182 486 1111 1689 2205 2698 2915 3272 3470 3698 3700 3918 3800
 187 482  950 1683 2248 2702 3106 3277 3549 3696 3863 3864 4019





# sexual maturity 79 - 99 from survey mean 85-02earlier
# 2     3     4     5     6     7     8     9
 0.080 0.301 0.539 0.722 0.821 0.868 0.904 0.963  1  1  1  1  1
 0.080 0.301 0.539 0.722 0.821 0.868 0.904 0.963  1  1  1  1  1
 0.080 0.301 0.539 0.722 0.821 0.868 0.904 0.963  1  1  1  1  1
 0.080 0.301 0.539 0.722 0.821 0.868 0.904 0.963  1  1  1  1  1
 0.080 0.301 0.539 0.722 0.821 0.868 0.904 0.963  1  1  1  1  1
 0.080 0.301 0.539 0.722 0.821 0.868 0.904 0.963  1  1  1  1  1
 0.016 0.144 0.536 0.577 0.765 0.766 0.961 0.934  1  1  1  1  1
 0.021 0.205 0.413 0.673 0.845 0.884 0.952 0.986  1  1  1  1  1
 0.022 0.137 0.426 0.535 0.778 0.776 1.000 0.969  1  1  1  1  1
 0.013 0.221 0.394 0.767 0.793 0.928 0.914 1.000  1  1  1  1  1
 0.041 0.202 0.532 0.727 0.818 0.998 1.000 1.000  1  1  1  1  1
 0.114 0.334 0.634 0.814 0.843 0.918 0.882 1.000  1  1  1  1  1
 0.063 0.224 0.592 0.739 0.817 0.894 0.495 1.000  1  1  1  1  1
 0.050 0.227 0.419 0.799 0.901 0.901 0.858 1.000  1  1  1  1  1
 0.124 0.362 0.481 0.670 0.904 0.977 0.908 0.867  1  1  1  1  1
 0.248 0.312 0.573 0.762 0.846 1.000 0.907 1.000  1  1  1  1  1
 0.124 0.479 0.382 0.750 0.753 0.606 0.985 1.000  1  1  1  1  1
 0.191 0.362 0.590 0.648 0.787 0.739 0.949 0.908  1  1  1  1  1
 0.093 0.436 0.587 0.683 0.750 0.783 0.880 1.000  1  1  1  1  1
 0.026 0.454 0.668 0.770 0.733 0.849 0.899 1.000  1  1  1  1  1
 0.050 0.397 0.683 0.724 0.749 0.892 0.761 0.920  1  1  1  1  1
 0.107 0.261 0.632 0.808 0.868 0.873 1.000 0.780  1  1  1  1  1
 0.091 0.377 0.522 0.753 0.895 0.916 0.918 1.000  1  1  1  1  1
 0.047 0.286 0.633 0.800 0.934 0.928 1.000 1.000  1  1  1  1  1
 0.062 0.347 0.685 0.867 0.922 0.946 1.000 1.000  1  1  1  1  1
 0.037 0.361 0.570 0.831 0.910 1.000 1.000 1.000  1  1  1  1  1
 0.024 0.230 0.562 0.753 0.927 0.936 0.968 1.000  1  1  1  1  1
 0.027 0.117 0.462 0.621 0.739 0.918 1.000 1.000  1  1  1  1  1
 0.078 0.208 0.418 0.680 0.770 0.875 0.959 1.000  1  1  1  1  1
 0.027 0.263 0.418 0.621 0.828 0.870 0.904 0.975  1  1  1  1  1
 0.017 0.301 0.470 0.576 0.847 0.891 1.000 0.968  1  1  1  1  1
 0.029 0.187 0.618 0.778 0.787 0.887 0.934 1.000 0.958 1 1 1 1
 0.045 0.176 0.426 0.823 0.816 0.838 0.899 0.974 1 1 1 1 1
 0.106 0.167 0.445 0.627 0.819 0.903 0.852 0.911 1 1 1 1 1
 0.046 0.223 0.381 0.714 0.793 0.920 0.986 0.974 0.992 0.945 1 1 1
 0.107 0.192 0.391 0.567 0.675 0.735 0.925 0.906 0.883 1 1 1 1
 0.138 0.283 0.445 0.667 0.795 0.772 0.892 1.000 0.889 1 1 1 1
# Forecast
 0.067 0.417 0.696 0.827 0.894 0.912 0.935 1 1 1 1 1 1
 0.066 0.317 0.694 0.835 0.894 0.925 0.935 1 1 1 1 1 1
 0.069 0.313 0.627 0.834 0.897 0.926 0.942 1 1 1 1 1 1


# Stockweights.  ( from survey) mean 85-02 earlier missing values are 4000
#1   2   3    4    5    6    7    8    9
 37 185 481  910 1409 1968 2496 3077 3300 4000 5741 6171 4000 5213
 37 185 481  910 1409 1968 2496 3077 3300 4615 4000 7337 4000 4000
 37 185 481  910 1409 1968 2496 3077 3300 4898 4000 6376 4000 4000
 37 185 481  910 1409 1968 2496 3077 3300 3952 4958 5323 4000 5213
 37 185 481  910 1409 1968 2496 3077 3300 4463 5101 4000 4000 4000
 37 185 481  910 1409 1968 2496 3077 3300 3941 4138 5155 4000 4000
 36 244 568 1187 1673 2371 2766 3197 3331 4564 4930 4852 5209 4000
 35 239 671 1134 1943 2399 3190 3293 3728 4436 3863 5241 4000 4000
 31 162 550 1216 1825 2605 3030 3642 3837 3653 4877 3814 5279 4163
 37 176 457  974 1830 2695 3102 3481 3318 4169 4560 4631 5293 5293
 26 182 441  887 1510 2380 3009 3499 3195 5039 5015 4975 5338 4575
 29 184 457  840 1234 1965 2675 3052 3267 4115 4682 5220 5183 5204
 31 176 501 1003 1406 1884 2496 3755 3653 5243 3427 4000 5356 4000
 28 157 503  894 1365 1891 2325 2936 3682 4674 4503 5250 4000 4000
 41 168 384  878 1492 1785 2562 2573 3266 4047 5294 5294 4709 4000
 33 181 392  680 1235 1766 1717 2977 2131 3154 3897 5258 4190 4000
 37 167 440  755 1065 1857 2689 5377 1306 3119 3220 1640 3753 4000
 41 174 453  813 1076 1477 2171 2426 4847 3686 3846 3508 4000 4000
 50 174 424  817 1221 1425 1915 2390 3692 3508 4028 2815 4133 4000
 41 203 415  753 1241 1747 1996 2342 3076 3275 3701 3630 3806 4202
 33 206 480  715 1189 1956 2366 2782 2922 3534 4000 4000 2159 4000
 29 179 552  889 1159 1767 2612 2917 3132 3734 4142 5574 4000 1648
 36 190 490 1056 1437 1509 2169 2765 3300 4715 3849 4000 4000 4000
 67 172 475  889 1460 1949 2137 1990 3709 4078 4551 4479 5358 4000
 40 230 412  801 1268 1873 3139 2343 3301 3289 4157 5295 5313 4000
 34 176 556  807 1282 1690 2454 3236 2942 3957 3146 2827 4000 5249
 40 153 448  920 1188 1564 2128 2808 2550 2755 4053 4019 4158 4000
 33 127 333  736 1145 1512 1944 2232 3272 3617 3566 4000 4000 4000
 48 170 350  615 1053 1514 1786 2073 2198 2408 3360 2303 3338 5082
 27 179 382  595  868 1295 1828 2201 2340 2568 2840 2727 4000 4000
 29 139 442  687  882 1141 1495 1920 2574 3070 3016 3488 4000 4000
 32 150 392  773  942 1190 1468 1829 2086 2730 3016 3488 4000 4000
 35 175 442  757 1129 1304 1583 1865 2107 3094 2398 4146 4000 4000
 28 202 482  801 1145 1480 1909 2072 2353 2350 2207 3211 3054 4000
 33 201 589  967 1312 1710 1999 2265 2764 2709 2529 2885 1788 3352 # real data for oldest
 36 222 570 1005 1372 1751 2141 2298 2653 3104 3153 3162 4000 3582
 32 255 614 1073 1637 1926 2452 2774 3170 3173 3577 3356 4000 3718
# Forecast
 32 184 609 1117 1643 2200 2461 2908 3167 3472 3475 3775 3612 4078
 32 182 486 1111 1689 2205 2698 2915 3272 3470 3698 3700 3918 3800
 32 187 482  950 1683 2248 2702 3106 3277 3549 3696 3863 3864 4019


# selection
 0.045 0.257 0.545 0.794 0.871 0.989 1 1  1  1  1  1  1
 0.005 0.253 0.571 0.796 0.933 0.991 1 1  1  1  1  1  1
 0.004 0.178 0.567 0.810 0.935 1.000 1 1  1  1  1  1  1
 0.006 0.175 0.471 0.808 0.944 1.000 1 1  1  1  1  1  1

#Natm
0.2 0.2 0.2 0.2 0.2 0.2 0.2 0.2 0.2 0.2 0.2 0.3 0.4 0.5
#MeanSel
0.021 0.161 0.501 0.832 1 1 1 1 1 1 1 1 1
# Survey data
1985 2015
#ages for survey
 1 11
#data
#   1   2   3   4   5      6     7     8    9   10 11
28.14 32.68 18.33 23.58 26.39 3.7 10.86 4.8 5.54 0.49 0.11
123.87 108.48 58.97 12.79 16.31 13.13 0.97 2.72 1.23 2.27 0.09
21.82 338.29 147.5 44.15 7.68 7.47 4.72 0.39 0.61 0.44 0.82
15.77 40.73 184.79 88.87 22.86 1.34 2.19 1.77 0.16 0.22 0.01
10.58 23.33 41.16 146.61 45.09 12.91 0.84 0.83 0.41 0.28 0.13
70.48 31.8 26.73 38.84 92.82 30.89 3.44 0.9 0.23 0 0
89.73 145.95 41.43 17.73 20.19 32.85 7.63 0.3 0.1 0.08 0
18.15 211.43 137.77 35.38 16.91 13.77 16.32 2.22 0.18 0.07 0
29.99 37.8 244.96 87.19 11.23 3.85 1.66 4.46 0.88 0 0
58.54 61.34 39.83 142.35 42.18 6.9 2.87 1.42 4.44 0.17 0
35.89 82.47 47.03 19.75 69.52 7.66 1.31 0.11 0.34 0 0
95.32 66.31 119.96 36.81 19.58 40.7 5.84 0.62 0.13 0.12 0
8.6 119.35 50.81 53.33 10.88 7.37 10.9 1.35 0.07 0.03 0.07
23.08 18 107.93 28.23 23.49 4.9 3.54 4.56 0.33 0 0
80.73 85.46 25.53 98.73 12.99 9.85 1.42 1.77 1.03 0.09 0
60.58 90.07 44.63 8.45 25.22 3.14 1.59 0.4 0.15 0.52 0.04
81.27 147.71 115.4 22.15 4.09 10.63 0.93 0.57 0 0.1 0
20.75 298.67 200.74 112.49 23.24 3.51 7.49 0.31 0.3 0.08 0.15
111.64 97.55 282.49 244.86 113.46 18.01 2.57 4.49 0.48 0.85 0.07
325.9 291.65 70.75 208.74 109.33 33.96 6.79 1.24 0.82 0 0.16
57.94 698.32 289.36 44.58 157.19 57.51 15.72 3.35 0.32 0.25 0.02
39.29 88.69 575.93 179.11 19.13 62.94 16.43 6.74 0.7 0.29 0
34 65.6 88.63 436.41 85.68 7.9 21.6 4.74 2.15 0.07 0
88.53 68.05 71.7 75.57 222.79 29.99 3.53 7.47 1.64 0.27 0
10.46 111.21 53.82 41.48 41.91 105.64 12.94 2.23 3.11 0.44 0.23
15.15 27.71 138.2 29.95 18.28 20.59 31.59 2.92 0.46 0.69 0.12
8.79 27.65 24.75 77.43 14.03 5.9 9.4 14.89 1.22 0.31 0.23
12.47 14.90 31.27 27.22 58.30  5.23 2.92 5.30 6.87 0.80 0.26
13.91 23.32 19.72 22.90 22.51 41.93 4.78 2.49 3.86 4.52 0.59
14.01 24.78 30.27 17.74 16.44 14.79 16.44 1.33 1.05 1.68 1.42
62.58 19.59 26.56 34.23 12.58 11.18  9.63 9.96 1.14 0.56 1.16

# Afli í tonnum lítið staðalfrávik
# Prop of F and Prop of M before survey
 0.2 0.2
# age with constant and full catchability, relationship.

 2 9 1

# Ratios of sigmaeffort to SigmaC not used in adapt
2 1.5 1 1 0.7 0.5 0.2 0.2 1 1 1 1 1
# sigmatotalcatch  Afli í tonnum lítið staðalfrávik
# 20.05
  0.05
# Sigmasurvey guess
 0.33 0.32 0.24 0.29 0.27 0.40 0.46 0.45 0.5 0.6 0.7
# Survey epsilon
 0.1 0.1 0.1 0.1 0.1 0.1 0.1 0.1 0.1 0.1 0.1
# Survey 2

# Survey data
1996 2014
#ages for survey
 1 9
#data
#  1      2       3       4     5     6     7    8    9
 460.87 109.75  85.78  18.49   7.80 18.26  1.55 0.00 0.00
  32.39 212.86  54.46  38.68   7.04  5.73  6.07 0.28 0.00
  81.08  32.49 133.40  19.83  15.75  5.33  5.36 1.90 0.00
 397.44  66.87  28.61  97.12  11.88 10.39  0.52 2.10 0.31
 162.34 260.10  45.84   8.24  28.71  1.97  3.20 0.08 0.27
 386.99 282.10 170.25  35.69   4.06 13.92  0.72 1.01 0.00
  85.19 237.78 197.49  98.45  19.33  2.96  2.33 1.01 0.08
 343.80 147.83 252.45 169.19  56.68  9.49  2.43 0.66 0.00
 713.02 348.50  51.24 160.31  70.61 17.04  3.99 0.82 0.51
  74.20 560.35 182.10  27.30  96.52 26.73 10.37 1.88 0.00
 124.13 117.57 510.38 108.53  13.82 40.39  9.77 3.92 1.52
  93.77  78.47  92.82 340.57  58.67  8.48 12.39 3.83 0.57
 201.84  93.90  68.36  87.88 198.94 16.80  2.87 3.47 0.22
  47.55 269.51  68.15  30.99  48.55 96.83  9.53 1.49 2.19
  43.29  56.59 143.39  30.56  14.44 23.72 37.23 4.75 0.87
 -1      -1    -1       -1     -1   -1    -1    -1   -1
  53.76  29.08  34.27  37.73  70.51  9.30  3.59 9.96 10.53
  91.94 131.36  37.32  38.58  39.41 45.11  6.30 2.33  5.89
  35.06  41.27  67.34  24.12  27.19 24.45 26.31 2.30  1.49 #2014

# Afli í tonnum lítið staðalfrávik
# Prop of F and Prop of M before survey
0.8 0.8
# age with constant and full catchability, relationship.
2  8 1
# Sigmasurvey guess
 0.33 0.32 0.24 0.29 0.27 0.40 0.46 0.5 0.7
# Survey epsilon
 0.1 0.1 0.1 0.1 0.1 0.1 0.1 0.1 0.1
# Catch eps
 100 100 100 100 100 100 100 100  100 100 100 100 100
# SSBRectype BEV holt = 1  Ricker = 2 SpawnCv SSBcorr SSBpow pF pM minssbage
6 0.5 0.15 0.0 0.0 0.0 2
# migrations no migrations but must be 1.
1
1960
6
# Likeliweights
0.25 1 1 1 0.25 1 1 1 1 1
#Catchrule       CvAssessment Assessmentcorr PowerAssessmentCV  AssessmentBias
        3           0.2          0.2            0                 1
# Harvest Proportions   #Future  quotaleft	NextYearsTac
       0.4  0.3	       		 20		  0
# Future catch
35 40 30 30 30 30 30 30 30
